328
303
366
116
1.2698501
-0.13346662
188
189
223
108
-0.16164152
0.15073316
1079
641
8
50
1.6263207
-0.22856447
604
192
154
94
-1.6868272
-0.8227206
194
167
226
108
-0.58759326
0.6084706
1021
183
109
64
-0.12021542
-0.34913093
183
181
250
108
-0.2655161
0.72949946
635
647
18
40
0.6184218
-0.20093742
1076
633
13
50
0.3105719
-0.07170117
1033
164
127
64
-0.19074905
-0.25313255
1009
166
127
64
-0.9863971
-1.3089931
1068
647
-2
50
1.2467439
0.04353726
330
283
359
116
0.3442065
0.00600815
288
651
99
140
-0.08745188
-0.5521494
621
221
147
94
-0.65158606
-0.42314494
611
197
150
94
-0.4495542
-0.25955024
606
192
151
94
-0.31192783
-0.17290442
597
192
158
94
-0.68540484
-0.27692154
203
167
243
108
-0.03428519
0.06728847
601
888
351
24
0.8688718
0.13761577
604
908
361
24
1.8191195
-0.03175285
192
169
240
108
-0.30095738
0.5212735
1011
168
118
64
-0.18679065
-0.35130212
183
171
231
108
-1.0441668
1.2894386
195
195
229
108
-0.92407876
1.0630311
689
809
144
32
-1.0219322
-0.7424772
654
650
19
40
1.627264
-0.560312
272
629
119
140
-0.41721845
-0.752682
1030
167
135
64
-0.8058896
-0.8058896
633
631
-4
40
1.1289804
0.07894599
285
645
125
140
-0.9077067
-1.2963394
186
168
242
108
-0.81931823
1.5409135
602
218
155
94
-0.5860479
-0.27327862
381
697
175
134
-0.60913604
-0.0532925
678
792
127
32
-0.777227
-1.0314151
935
378
322
78
0.7555403
0.5902928
1019
175
132
64
-0.42546585
-0.4725277
1079
625
13
50
0.7472947
-0.17252658
194
191
235
108
-0.9499239
1.3566319
1079
632
-5
50
0.07451119
0.00651888
1064
624
-9
50
0.47756273
0.07563851
