70
596
117
745
156
816
247
886
336
926
442
945
537
946
631
941
745
931
801
908
816
881
814
858
801
838
789
826
760
810
726
788
673
758
646
726
645
700
663
675
733
661
808
670
912
701
994
705
1050
686
1108
626
1126
510
1119
390
1116
343
1099
251
1075
171
1024
113
918
76
861
73
798
128
798
193
831
231
876
275
910
351
895
390
798
378
748
313
706
248
631
196
559
161
517
136
391
115
361
115
256
116
189
133
136
188
156
245
229
303
334
376
358
400
391
453
403
485
421
538
418
598
412
661
341
696
303
643
283
526
240
453
156
411
81
408
48
441
54
535
57
551
70
596
