144
535
169
643
178
693
216
751
241
790
345
828
429
848
519
865
607
868
658
871
672
851
652
831
625
816
607
810
571
785
556
758
553
716
570
666
588
635
615
596
669
586
768
560
820
591
892
608
952
595
1015
575
1047
526
1044
483
1050
410
1050
326
1035
266
1018
225
993
186
942
143
913
140
897
161
898
178
915
196
942
221
957
248
982
290
979
336
969
401
942
458
912
480
871
491
844
490
811
488
787
478
766
463
730
443
715
426
691
390
670
351
657
318
645
296
622
266
600
240
565
223
534
205
502
196
472
196
424
198
379
196
325
191
279
185
220
188
206
213
238
238
304
236
334
238
370
265
400
296
432
365
439
386
444
413
463
501
469
566
477
643
430
728
379
750
300
755
249
720
255
666
243
593
225
548
196
523
159
503
126
495
115
511
118
531
144
535
