68
667
182
642
175
677
102
695
81
733
202
691
86
758
207
710
203
734
125
765
127
806
232
748
234
785
166
826
308
818
243
884
371
837
317
918
433
853
402
941
488
947
501
862
563
946
563
867
652
939
630
875
750
928
660
870
669
854
810
853
652
831
734
797
600
808
669
757
538
782
706
725
534
723
692
710
571
626
678
693
633
576
706
693
745
558
750
688
848
568
810
693
910
569
933
718
971
558
1081
693
1017
526
1172
578
1029
479
1162
458
1027
422
1137
387
1040
348
1132
295
1026
261
1116
223
993
228
1099
170
961
185
1036
102
907
157
917
69
912
165
804
96
918
176
793
225
950
189
838
309
982
265
888
327
994
328
888
344
993
385
867
372
950
461
862
375
875
508
860
366
776
493
829
372
708
446
809
353
676
395
773
332
631
362
791
286
620
320
718
248
573
286
675
204
539
253
603
177
488
249
569
147
430
232
501
114
398
218
415
107
365
218
341
95
299
210
264
91
267
204
187
110
220
206
100
170
236
222
176
282
263
227
223
339
341
224
253
356
401
257
303
375
420
340
356
413
481
383
356
449
477
477
367
512
476
542
405
570
496
591
374
614
509
658
388
650
462
714
366
658
414
752
366
673
336
772
347
682
273
754
343
664
228
705
337
638
243
652
343
603
227
612
310
571
214
580
312
518
179
548
283
480
162
531
199
422
146
515
105
396
124
517
31
490
159
539
32
557
172
574
61
602
183
607
59
637